# 1.1
   length
1     2.2
2     2.1
3     2.7
4     3.0
5     3.1
6     2.5
7     1.9
8     1.1
9     3.5
10    2.9
11    4.5
12    1.2


# 1.2
   site experiment
1     1          1
2     1          2
3     1          3
4     2          1
5     2          2
6     2          3
7     3          1
8     3          2
9     3          3
10    4          1
11    4          2
12    4          3


# 1.3
   site experiment length width height  area
1     1          1    2.2   1.3    9.6  2.86
2     1          2    2.1   2.2    7.6  4.62
3     1          3    2.7   1.5    NA   NA
4     2          1    3.0   4.5    1.5 13.50
5     2          2    3.1   3.1    4.0  9.61
6     2          3    2.5   2.8    3.0  7.00
7     3          1    1.9   1.8    4.5  3.42
8     3          2    1.1   0.5    2.3  0.55
9     3          3    3.5   2.0    7.5  7.00
10    4          1    2.9   2.7    3.2  7.83
11    4          2    4.5   4.8    6.5 21.60
12    4          3    1.2   1.8    2.7  2.16


# 1.4
   site experiment length width height
1     3          2    1.1   0.5    2.3
2     4          3    1.2   1.8    2.7
3     3          1    1.9   1.8    4.5
4     1          2    2.1   2.2    7.6
5     1          1    2.2   1.3    9.6
6     2          3    2.5   2.8    3.0
7     1          3    2.7   1.5    NA
8     4          1    2.9   2.7    3.2
9     2          1    3.0   4.5    1.5
10    2          2    3.1   3.1    4.0
11    3          3    3.5   2.0    7.5
12    4          2    4.5   4.8    6.5


# 1.5
  site experiment length width height
1    1          1    2.2   1.3    9.6
2    1          2    2.1   2.2    7.6
3    3          3    3.5   2.0    7.5
4    4          2    4.5   4.8    6.5


# 1.6
  site experiment length width height
1    1          2    2.1   2.2    7.6
2    4          2    4.5   4.8    6.5


# 1.7
  site experiment length width height
1    1          1    2.2   1.3    9.6
2    1          3    2.7   1.5    2.2
3    2          1    3.0   4.5    1.5
4    2          3    2.5   2.8    3.0
5    3          1    1.9   1.8    4.5
6    3          3    3.5   2.0    7.5
7    4          1    2.9   2.7    3.2
8    4          3    1.2   1.8    2.7


# 1.8 
   site experiment length width height
1     1          1    2.2   1.3    9.6
2     1          2    2.1   2.2    7.6  
3     2          1    3.0   4.5    1.5
4     2          2    3.1   3.1    4.0
5     2          3    2.5   2.8    3.0
6     3          1    1.9   1.8    4.5
7     3          2    1.1   0.5    2.3
8     3          3    3.5   2.0    7.5
9    4          1    2.9   2.7    3.2
10    4          2    4.5   4.8    6.5
11    4          3    1.2   1.8    2.7



   site experiment length width height  volume
1     1          1    2.2   1.3    9.6  27.456
2     1          2    2.1   2.2    7.6  35.112
3     1          3    2.7   1.5    NA   NA
4     2          1    3.0   4.5    1.5  20.250
5     2          2    3.1   3.1    4.0  38.440
6     2          3    2.5   2.8    3.0  21.000
7     3          1    1.9   1.8    4.5  15.390
8     3          2    1.1   0.5    2.3   1.265
9     3          3    3.5   2.0    7.5  52.500
10    4          1    2.9   2.7    3.2  25.056
11    4          2    4.5   4.8    6.5 140.400
12    4          3    1.2   1.8    2.7   5.832